CUTE-1 (CO-55)          
1 27844U 03031E   14329.53569664  .00000420  00000-0  21111-3 0   777
2 27844  98.6979 335.9870 0010240 164.0576 312.5796 14.21628865591502
CUBESAT XI-IV (CO-57)   
1 27848U 03031J   14329.57895179  .00000220  00000-0  12096-3 0   183
2 27848  98.7075 335.8290 0010031 170.5357 317.4288 14.21300370591425
CUBESAT XI-V (CO-58)    
1 28895U 05043F   14329.52180863  .00001617  00000-0  32902-3 0  9293
2 28895  97.8228 162.9596 0016502 217.8112 142.1932 14.62240812483821
NTS (CANX-6)            
1 32784U 08021B   14330.14037321  .00002234  00000-0  26858-3 0  1240
2 32784  97.6773  13.7462 0015139  23.6676  41.0311 14.84828736355922
CUTE-1.7+APD II (CO-65) 
1 32785U 08021C   14329.81920425  .00001284  00000-0  15296-3 0  1247
2 32785  97.6786  15.6653 0013974  23.5426  31.1579 14.85935744356024
COMPASS-1               
1 32787U 08021E   14330.12469536  .00004687  00000-0  50276-3 0  1096
2 32787  97.6806  18.9280 0013610  12.0270 348.1270 14.89021453356271
DELFI-C3 (DO-64)        
1 32789U 08021G   14330.39698066  .00013235  00000-0  11869-2 0  1418
2 32789  97.7025  28.5692 0010994 352.2562  66.4553 14.95841433356725
CANX-2                  
1 32790U 08021H   14330.13187832  .00002972  00000-0  34731-3 0  1157
2 32790  97.6744  15.1020 0014625  23.1699  33.3692 14.85770685356031
SEEDS II (CO-66)        
1 32791U 08021J   14330.43820082  .00003890  00000-0  43456-3 0   919
2 32791  97.6804  17.6371 0014411  15.6364 344.5295 14.87453157356167
SWISSCUBE               
1 35932U 09051B   14329.29338953  .00001792  00000-0  42829-3 0  4697
2 35932  98.3918  82.0045 0007093 241.2926 118.7558 14.54829087274316
BEESAT                  
1 35933U 09051C   14329.31543465  .00001413  00000-0  33820-3 0  7411
2 35933  98.3923  82.8541 0005071 254.5753 105.4884 14.55089799274405
ITUPSAT 1               
1 35935U 09051E   14329.28528363  .00001044  00000-0  25672-3 0  6470
2 35935  98.4025  83.0608 0007570 244.4300 115.6114 14.54365884274286
TISAT 1                 
1 36799U 10035E   14330.22952265  .00004931  00000-0  55865-3 0  7354
2 36799  98.0178  63.5324 0014190 148.9725 263.1084 14.86788435236787
M-CUBED & EXP-1 PRIME   
1 37855U 11061F   14330.29016324  .00010062  00000-0  64562-3 0  9901
2 37855 101.7073  79.0156 0208804 305.0535  53.1239 14.92621082166832
MASAT 1 (MO-72)         
1 38081U 12006E   14330.24919405  .00303173  28159-4  16485-2 0  6229
2 38081  69.4360 272.4437 0194813 115.2408   0.4102 15.57481372148199
AAUSAT3                 
1 39087U 13009B   14330.06750463  .00001215  00000-0  44374-3 0  5879
2 39087  98.6087 164.0610 0012287 185.5137 174.5910 14.34792916 91525
STRAND-1                
1 39090U 13009E   14330.15436820  .00000308  00000-0  12465-3 0  5172
2 39090  98.6163 164.6232 0009414 180.1522 179.9661 14.34653842 91545
BRITE-AUSTRIA           
1 39091U 13009F   14330.15321118  .00000231  00000-0  97041-4 0  5311
2 39091  98.6110 164.3771 0010512 189.5667 170.5320 14.34773706 91559
UNIBRITE                
1 39092U 13009G   14330.13965722  .00000242  00000-0  10127-3 0  5417
2 39092  98.6107 164.2116 0009628 182.1504 177.9641 14.34646720 91544
DOVE-2                  
1 39132U 13015C   14330.51564872  .00006455  00000-0  48515-3 0  6800
2 39132  64.8787 351.8144 0040925 275.4958  84.1492 15.02727378 87955
AIST-2                  
1 39133U 13015D   14330.48945769  .00004132  00000-0  32377-3 0  6860
2 39133  64.8780 352.6672 0039476 275.8160  83.8460 15.01766991 87934
SOMP                    
1 39134U 13015E   14329.52622824  .00009177  00000-0  59883-3 0  7763
2 39134  64.8754 347.1390 0036275 282.0125  77.6932 15.07829059 87944
BEESAT-2                
1 39136U 13015G   14329.53620114  .00007697  00000-0  51739-3 0  7572
2 39136  64.8758 348.1716 0036488 282.0962  77.6071 15.06872908 87931
NEE-01 PEGASUS          
1 39151U 13018B   14330.20357891  .00002624  00000-0  36917-3 0  5201
2 39151  98.0322  50.0366 0017891 184.8907 175.2131 14.78097472 85471
CUBEBUG-1 (CAPITAN BETO)
1 39153U 13018D   14330.43779926  .00003280  00000-0  45725-3 0  6718
2 39153  98.0325  50.3708 0017733 184.0653 176.0416 14.78323127 85513
ESTCUBE 1               
1 39161U 13021C   14330.40942038  .00002647  00000-0  44461-3 0  6963
2 39161  98.0871  50.0621 0008560 236.2248 123.8141 14.70469168 83439
POPACS 1                
1 39268U 13055D   14330.08022290  .00025261  00000-0  81920-3 0  3742
2 39268  81.0143 251.6808 0734431  48.6231 317.5749 14.10939123 59309
POPACS 2                
1 39269U 13055E   14330.10094358  .00018405  00000-0  59054-3 0  3420
2 39269  80.9964 253.0553 0757091  53.0520 313.7566 14.06378370 59211
POPACS 3                
1 39270U 13055F   14330.15101491  .00011137  00000-0  36418-3 0  3293
2 39270  80.9951 253.8957 0767118  55.5053 311.6148 14.03813034 59170
PHONESAT 2.4            
1 39381U 13064B   14330.06973937  .00023993  00000-0  74974-3 0  2884
2 39381  40.5014 234.6592 0009501 262.7690  97.2042 15.32545426 56684
KYSAT II                
1 39384U 13064E   14330.03558170  .00127919  00000-0  19384-2 0  4329
2 39384  40.4925 211.7663 0019003 287.7090  72.1655 15.53203946 56943
ORSES                   
1 39386U 13064G   14329.13719864  .00033493  00000-0  93477-3 0  3585
2 39386  40.4997 235.4254 0007389 265.5982  94.3987 15.35999392 56290
ORS TECH 1              
1 39387U 13064H   14330.10679798  .00085011  00000-0  15746-2 0  3985
2 39387  40.5147 216.6297 0016759 284.1247  75.7709 15.47798207 56907
PROMETHEUS 1-4          
1 39390U 13064L   14330.13116772  .00035278  00000-0  96219-3 0  3457
2 39390  40.4991 228.8784 0008341 271.3807  88.6052 15.36689242 55933
PROMETHEUS 1-2          
1 39391U 13064M   14329.74580112  .00028020  00000-0  76659-3 0  3415
2 39391  40.4995 231.2398 0008256 269.5070  90.4798 15.36675723 54636
PROMETHEUS 1-5          
1 39393U 13064P   14330.13792436  .00037054  00000-0  99573-3 0  3468
2 39393  40.5180 228.5947 0010624 278.1322  81.8288 15.37110745 55898
PROMETHEUS 1-6          
1 39394U 13064Q   14330.11759087  .00035920  00000-0  97905-3 0  3380
2 39394  40.5166 229.3001 0010592 274.5312  85.4292 15.36682774 55852
ORS TECH 2              
1 39396U 13064S   14329.78568642  .00063469  00000-0  12221-2 0  3902
2 39396  40.5132 219.4732 0016074 283.1187  76.7837 15.46803456 55946
FIREFLY                 
1 39404U 13064AA  14329.16475463  .00021075  00000-0  67856-3 0  2992
2 39404  40.5168 241.5856 0005889 268.6042  91.4096 15.31668113 55964
VERMONT LUNAR           
1 39407U 13064AD  14330.14234421  .00038016  00000-0  10182-2 0  3221
2 39407  40.5209 228.7435 0008576 277.1965  82.7875 15.37224599 54529
PROMETHEUS 1-3          
1 39408U 13064AE  14330.11648461  .00036291  00000-0  98639-3 0  3320
2 39408  40.5003 228.7808 0008688 274.3672  85.6149 15.36784353 56632
ZACUBE-1 (TSHEPISOSAT)  
1 39417U 13066B   14329.46277290  .00002729  00000-0  36627-3 0  4730
2 39417  97.7579  34.4449 0062868  80.0629 280.7671 14.78763954 54524
WNISAT-1                
1 39423U 13066H   14330.47714597  .00001444  00000-0  29878-3 0   476
2 39423  97.7320  20.0834 0179015 115.9461 246.0301 14.52042341 53682
CINEMA-2 (KHUSAT-2)     
1 39424U 13066J   14330.18227701  .00001692  00000-0  26541-3 0  3305
2 39424  97.7503  30.5447 0096556  87.4484 273.7773 14.70789611 54328
CINEMA-3 (KHUSAT-2)     
1 39426U 13066L   14330.16210957  .00001103  00000-0  18396-3 0  3160
2 39426  97.7464  28.9602 0108208  91.5231 269.8373 14.68047440 54229
TRITON-1                
1 39427U 13066M   14330.47193601  .00002144  00000-0  36129-3 0  3251
2 39427  97.7453  27.9151 0118581  93.9401 267.5369 14.65918047 54166
GOMX 1                  
1 39430U 13066Q   14330.37859055  .00002730  00000-0  51763-3 0   165
2 39430  97.7369  22.9001 0156942 108.0963 253.7384 14.57346212 53836
BRITE-PL                
1 39431U 13066R   14330.49773654  .00000651  00000-0  14963-3 0  3073
2 39431  97.7285  16.8477 0205644 125.8815 236.1666 14.46204746 53460
HUMSAT-D                
1 39433U 13066T   14330.46526784  .00006625  00000-0  72628-3 0  3341
2 39433  97.7647  40.2324 0034783  72.1706 288.3300 14.87614532 54955
EAGLE 2                 
1 39436U 13066W   14330.18932563  .00025926  00000-0  23215-2 0  4162
2 39436  97.7642  41.6460 0023603  72.2859 288.0936 14.95580271 55031
VELOX-PII               
1 39438U 13066Y   14329.46100086  .00002054  00000-0  29282-3 0  3167
2 39438  97.7554  32.8478 0074447  83.0632 277.9039 14.75930049 54419
CUBEBUG-2 (LO-74)       
1 39440U 13066AA  14329.77429360  .00001149  00000-0  17385-3 0  3214
2 39440  97.7535  31.7786 0084690  84.9470 276.1399 14.73664618 54371
NEE-02 KRYSAOR          
1 39441U 13066AB  14330.16148195  .00001704  00000-0  25613-3 0  3090
2 39441  97.7526  32.0151 0085502  84.0937 277.0010 14.73289251 54381
FUNCUBE-1 (AO-73)       
1 39444U 13066AE  14330.43472033  .00003919  00000-0  51892-3 0  3160
2 39444  97.7580  35.4806 0062364  76.6350 284.1804 14.79103088 53440
UWE-3                   
1 39446U 13066AG  14330.18213648  .00002231  00000-0  31595-3 0  3242
2 39446  97.7552  33.5907 0074192  80.5808 280.3779 14.76128680 53302
FLOCK 1-18              
1 39556U 98067DZ  14301.96811067  .10009213  12432-4  57300-3 0  6969
2 39556  51.6087 121.7236 0005110 258.0379 102.0426 16.41849318 38360
SKYCUBE                 
1 39567U 98067EL  14312.60967640  .11651308  12461-4  59931-3 0  7439
2 39567  51.6384  68.2430 0001045 146.3745 213.8662 16.42726341 39750
BRITE-TORONTO           
1 40020U 14033L   14330.34802075  .00001378  00000-0  24798-3 0  4837
2 40020  97.9558 220.0938 0089831  52.0650 308.8630 14.65588574 23266
DUCHIFAT-1              
1 40021U 14033M   14330.39978844  .00005961  00000-0  68111-3 0  4728
2 40021  97.9664 225.3820 0015223 122.9693 237.2942 14.86341649 23669
NANOSATC-BR1            
1 40024U 14033Q   14330.34611839  .00005267  00000-0  60575-3 0  4651
2 40024  97.9643 225.2622 0014293 122.6319 237.6266 14.86137340 23659
QB50P1                  
1 40025U 14033R   14330.42041465  .00004316  00000-0  49968-3 0  4728
2 40025  97.9643 225.3187 0013981 120.2289 240.0331 14.85967550 23676
FLOCK 1C-7              
1 40026U 14033S   14330.41272772  .00002727  00000-0  31750-3 0  4695
2 40026  97.9712 225.4381 0012938 120.6074 239.6416 14.86065328 23679
FLOCK 1C-1              
1 40027U 14033T   14330.42978609  .00015123  00000-0  17330-2 0  4689
2 40027  97.9742 225.4154 0014395 121.2456 239.0156 14.85943099 23675
POPSAT-HIP-1            
1 40028U 14033U   14330.43786206  .00004462  00000-0  51821-3 0  4904
2 40028  97.9696 225.3697 0015746 120.3330 239.9423 14.85802697 23660
FLOCK 1C-2              
1 40029U 14033V   14330.51298052  .00015130  00000-0  17264-2 0  4727
2 40029  97.9724 225.4561 0015846 119.2126 241.0593 14.86100597 23679
FLOCK 1C-4              
1 40031U 14033X   14330.43854763  .00014742  00000-0  16868-2 0  4646
2 40031  97.9718 225.4005 0015857 117.4641 242.8165 14.85994332 23651
QB50P2                  
1 40032U 14033Y   14330.46290286  .00004203  00000-0  49171-3 0  4762
2 40032  97.9660 225.2610 0013479 114.9212 245.3356 14.85551793 23674
FLOCK 1C-11             
1 40033U 14033Z   14330.45156136  .00013613  00000-0  15541-2 0  4495
2 40033  97.9731 225.4018 0015114 115.1844 245.0902 14.86115237 23674
ANTELSAT                
1 40034U 14033AA  14330.44995505  .00003511  00000-0  55321-3 0  4718
2 40034  97.9638 221.7899 0062623  49.1772 311.4807 14.71767486 23462
FLOCK 1C-9              
1 40035U 14033AB  14330.25504391  .00002899  00000-0  33795-3 0  4592
2 40035  97.9794 225.2126 0014052 110.6996 249.1337 14.85944297 23639
FLOCK 1C-6              
1 40036U 14033AC  14330.40015178  .00015271  00000-0  17527-2 0  4659
2 40036  97.9742 225.3538 0013638 111.2093 249.0576 14.85883496 23665
PERSEUS-M2              
1 40037U 14033AD  14330.35817211  .00002136  00000-0  25619-3 0  4830
2 40037  97.9735 225.1903 0015815 116.3774 243.9053 14.85039075 23640
FLOCK 1C-5              
1 40038U 14033AE  14330.27525950  .00014955  00000-0  17228-2 0  4667
2 40038  97.9727 225.1839 0016739 111.2526 249.0476 14.85703558 23634
PERSEUS-M1              
1 40039U 14033AF  14330.39567338  .00002023  00000-0  24499-3 0  4793
2 40039  97.9744 225.1731 0015746 110.8402 249.4459 14.84684723 23658
FLOCK 1C-8              
1 40040U 14033AG  14330.41665415  .00008403  00000-0  96861-3 0  4737
2 40040  97.9738 225.3347 0015275 107.0290 253.2599 14.85854769 23656
FLOCK 1C-3              
1 40041U 14033AH  14330.41501339  .00014934  00000-0  17244-2 0  4735
2 40041  97.9774 225.3365 0015150 108.2555 252.0305 14.85624840 23653
POLYITAN-1              
1 40042U 14033AJ  14330.39413373  .00005391  00000-0  63566-3 0  4818
2 40042  97.9728 225.1974 0017182 109.0381 251.2666 14.85064681 23641
TIGRISAT                
1 40043U 14033AK  14330.42009222  .00002527  00000-0  39280-3 0  4743
2 40043  97.9602 221.9490 0063431  52.9709 307.7269 14.72576926 23325
LEMUR-1                 
1 40044U 14033AL  14330.36234649  .00002498  00000-0  38983-3 0  4690
2 40044  97.9610 221.8777 0062229  53.3041 307.3840 14.72470399 23328
AEROCUBE 6A             
1 40045U 14033AM  14330.36826639  .00005243  00000-0  81657-3 0  4694
2 40045  97.9627 221.7480 0062829  49.4398 311.2230 14.72045595 23170
AEROCUBE 6B             
1 40046U 14033AN  14330.36898702  .00004871  00000-0  75951-3 0  4680
2 40046  97.9619 221.7400 0062363  49.5373 311.1221 14.72050046 23302
UKUBE-1                 
1 40074U 14037F   14330.43271768  .00004213  00000-0  55071-3 0  4513
2 40074  98.3852  28.5397 0005186 164.3309 195.8059 14.81024464 20814
CHASQUI-1               
1 40117U 98067ET  14330.54925603  .00191426  00000-0  15560-2 0  3084
2 40117  51.6426   9.5556 0010324  18.3510 138.4861 15.69500080 15558
BRITE-PL 2              
1 40119U 14049B   14330.11885206 -.00000055  00000-0  00000+0 0  1391
2 40119  98.0111  41.6627 0016496 252.4331 107.5256 14.82811514 14667
FLOCK 1B-24             
1 40122U 98067EU  14330.52403753  .00074044  00000-0  79539-3 0  2874
2 40122  51.6412  10.9036 0005090  32.2767 114.6131 15.63082068 51114
FLOCK 1B-23             
1 40123U 98067EV  14330.46732132  .00097026  00000-0  10420-2 0  2917
2 40123  51.6426  11.3065 0006404  32.8988 102.4898 15.62963558 51103
FLOCK 1B-26             
1 40124U 98067EW  14330.46392413  .00532543  00000-0  28225-2 0  2912
2 40124  51.6410   9.0111 0009013  20.9925 119.1536 15.78467452 69169
FLOCK 1B-25             
1 40125U 98067EX  14330.16424002  .00091314  00000-0  92522-3 0  2907
2 40125  51.6401  12.4534 0004067   9.8159  47.2985 15.64484491 51095
FLOCK 1B-15             
1 40126U 98067EY  14330.46571288  .00131246  00000-0  12197-2 0  3055
2 40126  51.6400  10.5271 0008338  27.6921 111.6668 15.66451480 51168
FLOCK 1B-16             
1 40127U 98067EZ  14330.49632613  .00480642  00000-0  25014-2 0  2765
2 40127  51.6383   9.2065 0011195  40.5134 111.8798 15.78983548 51186
FLOCK 1B-1              
1 40131U 98067FA  14330.35689765  .00236117  00000-0  22141-2 0  2163
2 40131  51.6416  11.4615 0007586  30.2015  36.1484 15.65870849 15048
FLOCK 1B-2              
1 40132U 98067FB  14330.49194102  .00093728  00000-0  97240-3 0  2134
2 40132  51.6406  10.6999 0006779  26.5844 115.6565 15.63857319 15032
FLOCK 1B-8              
1 40133U 98067FC  14330.35656169  .00098147  00000-0  99910-3 0  2277
2 40133  51.6412  11.4591 0009367  21.4781  44.3725 15.64292940 51318
FLOCK 1B-7              
1 40134U 98067FD  14330.37505998  .00077663  00000-0  81258-3 0  2134
2 40134  51.6440  11.5393 0007929  26.8277  62.6315 15.63712232 51310
FLOCK 1B-18             
1 40139U 98067FE  14330.40879545  .00176780  00000-0  17539-2 0  2326
2 40139  51.6414  11.7422 0008983  16.6346  80.1585 15.64643035 12783
FLOCK 1B-17             
1 40140U 98067FF  14330.52267324  .00089531  00000-0  99787-3 0  2375
2 40140  51.6431  11.6589 0009353  22.1363 122.1212 15.62018417 12793
